Richard St. John의 8가지 성공비결 is done
3 0 80 richard_st_john_8_secrets_of_success 2 4 6 8 9 11 15 16 17 19 23 24 28 31 32 36 37 40 46 47 49 52 53 54 60 61 64 66 68 73 74 76 77 78 80 3 5 7 13 18 21 26 27 29 35 42 45 48 50 57 59 63 75 79 1 10 12 14 25 30 33 34 41 43 58 67 69 70 71 72 20 38 44 65 39 51 62 22 55 56 
6 6 22 ted_ed_why_do_women_have_periods 9 14 16 19 32 34 46 48 49 53 57 59 72 3 6 13 18 20 26 29 38 39 41 43 62 64 65 2 5 10 11 15 21 
0 0 22 ted_ed_why_do_women_have_periods 9 14 16 19 32 34 46 48 49 53 57 59 72 3 6 13 18 20 26 29 38 39 41 43 62 64 65 2 5 10 11 15 21 
0 1 23 ted_ed_why_do_women_have_periods 9 14 16 19 32 34 46 48 49 53 57 59 72 3 6 13 18 20 26 29 38 39 41 43 62 64 65 2 5 10 11 15 21 
0 3 27 ted_ed_why_do_women_have_periods 9 14 16 19 32 34 46 48 49 53 57 59 72 3 6 13 18 20 26 29 38 39 41 43 62 64 65 2 5 10 11 15 21 
0 1 28 ted_ed_why_do_women_have_periods 9 14 16 19 32 34 46 48 49 53 57 59 72 3 6 13 18 20 26 29 38 39 41 43 62 64 65 2 5 10 11 15 21 
0 0 28 ted_ed_why_do_women_have_periods 9 14 16 19 32 34 46 48 49 53 57 59 72 3 6 13 18 20 26 29 38 39 41 43 62 64 65 2 5 10 11 15 21 
0 0 28 ted_ed_why_do_women_have_periods 9 14 16 19 32 34 46 48 49 53 57 59 72 3 6 13 18 20 26 29 38 39 41 43 62 64 65 2 5 10 11 15 21 
0 4 35 ted_ed_why_do_women_have_periods 9 14 16 19 32 34 46 48 49 53 57 59 72 3 6 13 18 20 26 29 38 39 41 43 62 64 65 2 5 10 11 15 21 
0 0 35 ted_ed_why_do_women_have_periods 9 14 16 19 32 34 46 48 49 53 57 59 72 3 6 13 18 20 26 29 38 39 41 43 62 64 65 2 5 10 11 15 21 
0 5 44 ted_ed_why_do_women_have_periods 9 14 16 19 32 34 46 48 49 53 57 59 72 3 6 13 18 20 26 29 38 39 41 43 62 64 65 2 5 10 11 15 21 
1 1 47 ted_ed_why_do_women_have_periods 9 14 16 19 32 34 46 48 49 53 57 59 72 3 6 13 18 20 26 29 38 39 41 43 62 64 65 2 5 10 11 15 21 44 
0 0 47 ted_ed_why_do_women_have_periods 9 14 16 19 32 34 46 48 49 53 57 59 72 3 6 13 18 20 26 29 38 39 41 43 62 64 65 2 5 10 11 15 21 44 
0 1 50 ted_ed_why_do_women_have_periods 9 14 16 19 32 34 46 48 49 53 57 59 72 3 6 13 18 20 26 29 38 39 41 43 62 64 65 2 5 10 11 15 21 44 
0 3 54 ted_ed_why_do_women_have_periods 9 14 16 19 32 34 46 48 49 53 57 59 72 3 6 13 18 20 26 29 38 39 41 43 62 64 65 2 5 10 11 15 21 44 
0 1 55 ted_ed_why_do_women_have_periods 9 14 16 19 32 34 46 48 49 53 57 59 72 3 6 13 18 20 26 29 38 39 41 43 62 64 65 2 5 10 11 15 21 44 
0 1 56 ted_ed_why_do_women_have_periods 9 14 16 19 32 34 46 48 49 53 57 59 72 3 6 13 18 20 26 29 38 39 41 43 62 64 65 2 5 10 11 15 21 44 
0 2 60 ted_ed_why_do_women_have_periods 9 14 16 19 32 34 46 48 49 53 57 59 72 3 6 13 18 20 26 29 38 39 41 43 62 64 65 2 5 10 11 15 21 44 
0 0 60 ted_ed_why_do_women_have_periods 9 14 16 19 32 34 46 48 49 53 57 59 72 3 6 13 18 20 26 29 38 39 41 43 62 64 65 2 5 10 11 15 21 44 
0 0 60 ted_ed_why_do_women_have_periods 9 14 16 19 32 34 46 48 49 53 57 59 72 3 6 13 18 20 26 29 38 39 41 43 62 64 65 2 5 10 11 15 21 44 
0 0 60 ted_ed_why_do_women_have_periods 9 14 16 19 32 34 46 48 49 53 57 59 72 3 6 13 18 20 26 29 38 39 41 43 62 64 65 2 5 10 11 15 21 44 
0 1 61 ted_ed_why_do_women_have_periods 9 14 16 19 32 34 46 48 49 53 57 59 72 3 6 13 18 20 26 29 38 39 41 43 62 64 65 2 5 10 11 15 21 44 
0 1 63 ted_ed_why_do_women_have_periods 9 14 16 19 32 34 46 48 49 53 57 59 72 3 6 13 18 20 26 29 38 39 41 43 62 64 65 2 5 10 11 15 21 44 
0 0 63 ted_ed_why_do_women_have_periods 9 14 16 19 32 34 46 48 49 53 57 59 72 3 6 13 18 20 26 29 38 39 41 43 62 64 65 2 5 10 11 15 21 44 
0 1 66 ted_ed_why_do_women_have_periods 9 14 16 19 32 34 46 48 49 53 57 59 72 3 6 13 18 20 26 29 38 39 41 43 62 64 65 2 5 10 11 15 21 44 
0 1 67 ted_ed_why_do_women_have_periods 9 14 16 19 32 34 46 48 49 53 57 59 72 3 6 13 18 20 26 29 38 39 41 43 62 64 65 2 5 10 11 15 21 44 
0 1 68 ted_ed_why_do_women_have_periods 9 14 16 19 32 34 46 48 49 53 57 59 72 3 6 13 18 20 26 29 38 39 41 43 62 64 65 2 5 10 11 15 21 44 
0 1 69 ted_ed_why_do_women_have_periods 9 14 16 19 32 34 46 48 49 53 57 59 72 3 6 13 18 20 26 29 38 39 41 43 62 64 65 2 5 10 11 15 21 44 
0 1 70 ted_ed_why_do_women_have_periods 9 14 16 19 32 34 46 48 49 53 57 59 72 3 6 13 18 20 26 29 38 39 41 43 62 64 65 2 5 10 11 15 21 44 
0 1 71 ted_ed_why_do_women_have_periods 9 14 16 19 32 34 46 48 49 53 57 59 72 3 6 13 18 20 26 29 38 39 41 43 62 64 65 2 5 10 11 15 21 44 
0 1 73 ted_ed_why_do_women_have_periods 9 14 16 19 32 34 46 48 49 53 57 59 72 3 6 13 18 20 26 29 38 39 41 43 62 64 65 2 5 10 11 15 21 44 
0 1 74 ted_ed_why_do_women_have_periods 9 14 16 19 32 34 46 48 49 53 57 59 72 3 6 13 18 20 26 29 38 39 41 43 62 64 65 2 5 10 11 15 21 44 
0 0 1 ted_ed_why_do_women_have_periods 9 14 16 19 32 34 46 48 49 53 57 59 72 3 6 13 18 20 26 29 38 39 41 43 62 64 65 2 5 10 11 15 21 44 
0 1 4 ted_ed_why_do_women_have_periods 9 14 16 19 32 34 46 48 49 53 57 59 72 3 6 13 18 20 26 29 38 39 41 43 62 64 65 2 5 10 11 15 21 44 
0 1 7 ted_ed_why_do_women_have_periods 9 14 16 19 32 34 46 48 49 53 57 59 72 3 6 13 18 20 26 29 38 39 41 43 62 64 65 2 5 10 11 15 21 44 
0 1 8 ted_ed_why_do_women_have_periods 9 14 16 19 32 34 46 48 49 53 57 59 72 3 6 13 18 20 26 29 38 39 41 43 62 64 65 2 5 10 11 15 21 44 
1 9 31 ted_ed_why_do_women_have_periods 9 14 16 19 32 34 46 48 49 53 57 59 72 3 6 13 18 20 26 29 38 39 41 43 62 64 65 2 5 10 11 15 21 44 23 
0 0 31 ted_ed_why_do_women_have_periods 9 14 16 19 32 34 46 48 49 53 57 59 72 3 6 13 18 20 26 29 38 39 41 43 62 64 65 2 5 10 11 15 21 44 23 
0 3 36 ted_ed_why_do_women_have_periods 9 14 16 19 32 34 46 48 49 53 57 59 72 3 6 13 18 20 26 29 38 39 41 43 62 64 65 2 5 10 11 15 21 44 23 
1 12 60 ted_ed_why_do_women_have_periods 9 14 16 19 32 34 46 48 49 53 57 59 72 3 6 13 18 20 26 29 38 39 41 43 62 64 65 2 5 10 11 15 21 44 23 56 
0 8 25 ted_ed_why_do_women_have_periods 9 14 16 19 32 34 46 48 49 53 57 59 72 3 6 13 18 20 26 29 38 39 41 43 62 64 65 2 5 10 11 15 21 44 23 56 
4 10 35 ted_ed_why_do_women_have_periods 9 14 16 19 32 34 46 48 49 53 57 59 72 3 6 13 18 20 26 29 38 39 41 43 62 64 65 2 5 10 11 15 21 44 23 56 50 63 71 73 74 4 8 24 27 
